clim2006  2006   1   1    1  -0.4   1.3   0.3  -999   6.3   2.5   7.7  417.5
clim2006  2006   1   2    2  -1.4   0.7   1.6  -999   0.0   1.5   7.3  417.5
clim2006  2006   1   3    3  -2.1  -0.3   3.3  -999   0.0   0.7   6.3  417.5
clim2006  2006   1   4    4  -2.5  -0.7   0.6  -999   0.0   2.0   5.4  417.5
clim2006  2006   1   5    5  -4.1   0.0   0.2  -999   0.7   3.1   5.5  417.5
clim2006  2006   1   6    6  -4.3   0.9   2.6  -999   1.9   1.4   5.9  417.5
clim2006  2006   1   7    7  -4.1   1.3   3.0  -999   0.5   1.2   6.1  417.5
clim2006  2006   1   8    8  -3.9   1.3   3.2  -999   0.1   1.3   5.9  417.5
clim2006  2006   1   9    9  -5.0   1.5   4.1  -999   0.0   1.1   5.2  417.5
clim2006  2006   1  10   10  -4.8   2.9   2.6  -999   0.0   1.7   4.6  417.5
clim2006  2006   1  11   11  -2.4   1.1   0.7  -999   1.9   3.0   5.3  417.5
clim2006  2006   1  12   12  -2.2   1.0   0.1  -999   0.0   1.3   6.6  417.5
clim2006  2006   1  13   13  -3.1   1.5   0.2  -999   0.0   1.9   5.6  417.5
clim2006  2006   1  14   14  -6.0   2.8   6.2  -999   0.0   2.0   4.7  417.5
clim2006  2006   1  15   15  -6.9   1.5   5.9  -999   0.0   1.8   4.4  417.5
clim2006  2006   1  16   16  -4.4   2.6   4.6  -999   3.7   2.7   5.8  417.5
clim2006  2006   1  17   17   0.5   3.1   0.0  -999  13.2   3.6   8.2  417.5
clim2006  2006   1  18   18  -0.7   2.5   0.0  -999   1.1   2.1   9.0  417.5
clim2006  2006   1  19   19  -0.9   5.1   0.4  -999   0.1   1.9   8.7  417.5
clim2006  2006   1  20   20   1.1   5.9   0.0  -999   0.7   3.7   8.3  417.5
clim2006  2006   1  21   21   0.6   2.8   0.0  -999   0.1   3.3   7.3  417.5
clim2006  2006   1  22   22  -3.0   0.8   0.0  -999   0.0   1.9   6.4  417.5
clim2006  2006   1  23   23  -6.0  -2.3   8.1  -999   0.0   2.6   4.4  417.5
clim2006  2006   1  24   24  -7.6  -0.6   4.9  -999   0.0   2.0   3.7  417.5
clim2006  2006   1  25   25  -7.8  -0.6   4.2  -999   0.5   2.0   4.4  417.5
clim2006  2006   1  26   26  -6.7  -1.3   0.4  -999   0.8   3.5   4.8  417.5
clim2006  2006   1  27   27  -9.0  -4.3   0.2  -999   0.1   2.2   3.9  417.5
clim2006  2006   1  28   28  -7.4   1.4   4.8  -999   0.3   2.9   3.9  417.5
clim2006  2006   1  29   29  -4.6   3.4   6.9  -999   0.0   2.9   4.4  417.5
clim2006  2006   1  30   30  -5.1   2.0   7.6  -999   0.0   2.3   4.2  417.5
clim2006  2006   1  31   31  -6.7   1.8   7.3  -999   0.0   1.9   4.3  417.5
clim2006  2006   2   1   32  -7.9   2.0   7.7  -999   0.0   1.0   5.0  419.3
clim2006  2006   2   2   33  -6.8  -2.1   7.4  -999   0.0   0.8   5.4  419.3
clim2006  2006   2   3   34  -9.1  -2.6   1.1  -999   0.0   1.3   4.3  419.3
clim2006  2006   2   4   35  -5.2   0.7   1.2  -999   0.0   1.6   4.0  419.3
clim2006  2006   2   5   36  -3.3   1.0   0.1  -999   0.1   1.1   4.9  419.3
clim2006  2006   2   6   37  -0.0   1.7   0.0  -999   0.5   1.6   6.7  419.3
clim2006  2006   2   7   38  -0.2   2.9   0.1  -999   0.2   3.4   6.6  419.3
clim2006  2006   2   8   39  -1.7   2.1   0.0  -999   1.9   4.5   6.8  419.3
clim2006  2006   2   9   40  -2.4  -0.4   0.0  -999   0.8   4.4   6.1  419.3
clim2006  2006   2  10   41  -3.9   0.4   0.0  -999   0.0   3.2   4.9  419.3
clim2006  2006   2  11   42  -4.3   1.0   0.3  -999   0.0   0.6   5.1  419.3
clim2006  2006   2  12   43  -5.6   0.7   0.4  -999   4.2   1.7   4.6  419.3
clim2006  2006   2  13   44  -2.8   0.8   0.1  -999   2.2   2.3   6.2  419.3
clim2006  2006   2  14   45  -0.4   3.4   0.1  -999   0.2   2.4   7.6  419.3
clim2006  2006   2  15   46   1.6   5.4   0.1  -999  20.1   4.4   8.9  419.3
clim2006  2006   2  16   47   1.6   4.4   0.1  -999   2.9   3.1   9.1  419.3
clim2006  2006   2  17   48   0.8   3.3   0.2  -999   6.6   4.5   7.6  419.3
clim2006  2006   2  18   49   1.1   3.2   0.6  -999   2.5   3.4   7.8  419.3
clim2006  2006   2  19   50   0.6   4.9   2.4  -999  10.5   2.6   7.3  419.3
clim2006  2006   2  20   51  -1.1   3.1   0.0  -999   3.4   2.1   7.4  419.3
clim2006  2006   2  21   52  -1.3   1.4   0.1  -999   0.6   2.8   7.3  419.3
clim2006  2006   2  22   53  -2.3   2.2   0.1  -999   0.0   3.1   6.9  419.3
clim2006  2006   2  23   54  -4.1  -0.1   0.4  -999   0.0   2.1   5.9  419.3
clim2006  2006   2  24   55  -4.6   2.0   8.2  -999   0.1   3.5   5.7  419.3
clim2006  2006   2  25   56  -5.2   0.5  15.5  -999   0.0   3.5   6.0  419.3
clim2006  2006   2  26   57  -7.6  -1.0   0.4  -999   0.0   2.9   4.8  419.3
clim2006  2006   2  27   58  -7.1   0.4   0.6  -999   0.2   1.7   3.9  419.3
clim2006  2006   2  28   59  -3.6  -0.4   0.4  -999   4.4   3.3   5.4  419.3
clim2006  2006   3   1   60  -4.8  -1.1   0.4  -999   0.8   3.9   4.5  420.0
clim2006  2006   3   2   61  -4.8  -1.3   0.4  -999   7.3   3.2   5.3  420.0
clim2006  2006   3   3   62  -6.6  -1.4   0.1  -999  14.3   1.5   7.7  420.0
clim2006  2006   3   4   63  -5.9  -0.7   0.1  -999  16.9   1.2   5.8  420.0
clim2006  2006   3   5   64 -10.8  -0.1   0.5  -999   0.6   2.7   5.1  420.0
clim2006  2006   3   6   65  -5.9  -0.2   0.2  -999   0.6   3.1   5.4  420.0
clim2006  2006   3   7   66  -5.5   1.2   1.1  -999   6.2   2.3   5.8  420.0
clim2006  2006   3   8   67  -1.3   6.4   0.0  -999   6.8   3.6   9.2  420.0
clim2006  2006   3   9   68   2.4   6.6   0.1  -999   3.5   3.9   9.5  420.0
clim2006  2006   3  10   69   0.4   2.8   0.3  -999   5.7   3.9   6.9  420.0
clim2006  2006   3  11   70  -5.7   1.9   0.0  -999   2.1   2.9   6.3  420.0
clim2006  2006   3  12   71  -8.4  -3.1   2.1  -999   0.0   2.2   3.2  420.0
clim2006  2006   3  13   72  -9.1   0.3  11.9  -999   0.0   2.2   3.5  420.0
clim2006  2006   3  14   73  -7.7   3.5  13.5  -999   0.0   1.9   3.9  420.0
clim2006  2006   3  15   74  -3.5   4.4  16.2  -999   0.0   1.9   4.7  420.0
clim2006  2006   3  16   75  -3.5   1.4   3.3  -999   0.0   2.5   4.8  420.0
clim2006  2006   3  17   76  -3.1   3.1   7.3  -999   0.0   2.8   4.8  420.0
clim2006  2006   3  18   77  -3.4   5.1  19.6  -999   0.0   3.3   5.2  420.0
clim2006  2006   3  19   78  -4.4   7.3  21.5  -999   0.0   1.9   6.2  420.0
clim2006  2006   3  20   79  -2.8   8.1  15.3  -999   1.0   1.2   8.4  420.0
clim2006  2006   3  21   80  -1.2   1.2   0.0  -999   2.8   2.2   9.5  420.0
clim2006  2006   3  22   81  -2.8   3.7  16.9  -999   8.3   2.3   8.8  420.0
clim2006  2006   3  23   82  -2.6   6.4  23.6  -999   5.0   2.8   8.4  420.0
clim2006  2006   3  24   83   2.6   9.0   0.4  -999   9.6   3.0  10.8  420.0
clim2006  2006   3  25   84   7.9  10.2   1.6  -999   4.5   3.7  12.1  420.0
clim2006  2006   3  26   85   9.9  13.6   0.2  -999   0.2   4.0  12.7  420.0
clim2006  2006   3  27   86   8.2  14.0   6.3  -999   4.1   4.0  11.5  420.0
clim2006  2006   3  28   87   4.2   8.6   3.2  -999   6.2   4.1   9.4  420.0
clim2006  2006   3  29   88   4.0   7.8   1.8  -999   5.0   3.6   9.3  420.0
clim2006  2006   3  30   89   7.1  10.1   0.2  -999   7.7   5.0  11.9  420.0
clim2006  2006   3  31   90   7.7   9.8   3.0  -999   0.0   4.8  10.4  420.0
clim2006  2006   4   1   91   5.2  10.0   3.0  -999   1.7   3.6  10.3  419.3
clim2006  2006   4   2   92   5.0   9.0   4.3  -999   1.4   3.8   9.5  419.3
clim2006  2006   4   3   93   2.6   6.8   0.3  -999   0.5   3.4   7.8  419.3
clim2006  2006   4   4   94   0.2   5.3   3.9  -999  10.6   1.9   6.5  419.3
clim2006  2006   4   5   95  -2.7   4.2   7.3  -999   2.7   2.5   6.1  419.3
clim2006  2006   4   6   96  -3.6   7.1  18.7  -999   0.0   1.4   5.1  419.3
clim2006  2006   4   7   97  -1.1   8.1  10.7  -999   0.0   1.8   5.1  419.3
clim2006  2006   4   8   98   2.3   8.1   7.7  -999   0.1   3.4   6.0  419.3
clim2006  2006   4   9   99   1.4   7.1   5.1  -999   7.7   2.0   7.8  419.3
clim2006  2006   4  10  100  -0.0   5.9   2.6  -999   4.6   2.6   7.2  419.3
clim2006  2006   4  11  101  -3.0   5.7  11.1  -999   0.4   2.0   5.9  419.3
clim2006  2006   4  12  102   2.3   7.5   0.4  -999   0.7   2.9   7.6  419.3
clim2006  2006   4  13  103   2.9   7.8   0.0  -999   0.1   4.2   8.7  419.3
clim2006  2006   4  14  104   4.8  10.0   3.6  -999   0.0   3.3   9.6  419.3
clim2006  2006   4  15  105   3.2  14.0   0.1  -999   2.7   3.0  10.3  419.3
clim2006  2006   4  16  106   6.3   9.5   0.1  -999   1.8   3.8  11.0  419.3
clim2006  2006   4  17  107   4.4  10.1   1.1  -999   1.7   2.2  10.2  419.3
clim2006  2006   4  18  108   2.7  10.2   6.8  -999   0.0   2.1   7.9  419.3
clim2006  2006   4  19  109   1.0  11.4   4.4  -999   0.0   1.6   7.6  419.3
clim2006  2006   4  20  110   2.2  12.4   4.1  -999   0.0   1.3   8.4  419.3
clim2006  2006   4  21  111   3.6  16.4   7.4  -999   0.0   1.1   9.1  419.3
clim2006  2006   4  22  112   2.5  12.2  12.4  -999   0.0   1.6  10.3  419.3
clim2006  2006   4  23  113   2.3  12.8  16.2  -999   0.0   1.2  10.1  419.3
clim2006  2006   4  24  114   5.5  16.7  11.5  -999   7.5   1.4  11.8  419.3
clim2006  2006   4  25  115   6.6  15.9   7.9  -999   0.2   1.4  12.9  419.3
clim2006  2006   4  26  116   7.5  13.5   0.2  -999   1.3   1.5  12.6  419.3
clim2006  2006   4  27  117   5.5  12.3   0.9  -999   0.0   2.4  11.8  419.3
clim2006  2006   4  28  118   3.2  10.9   8.6  -999   0.0   2.8   8.6  419.3
clim2006  2006   4  29  119   0.8   6.5   6.9  -999   0.0   2.7   6.0  419.3
clim2006  2006   4  30  120   0.2   5.9   1.3  -999   0.4   1.6   6.3  419.3
clim2006  2006   5   1  121   1.1   6.7   0.2  -999   0.0   2.9   8.7  417.5
clim2006  2006   5   2  122   5.1  15.3  13.0  -999   0.0   2.2  10.5  417.5
clim2006  2006   5   3  123   9.7  21.0  10.6  -999   0.0   1.6  11.5  417.5
clim2006  2006   5   4  124  11.0  21.3  14.4  -999   0.0   2.1  11.9  417.5
clim2006  2006   5   5  125   9.4  18.8   8.8  -999   9.0   1.2  14.0  417.5
clim2006  2006   5   6  126   9.2  19.2  18.7  -999   1.8   2.2  14.7  417.5
clim2006  2006   5   7  127   9.6  17.1   1.4  -999   2.7   2.6  14.4  417.5
clim2006  2006   5   8  128   7.1  13.3   4.6  -999  20.7   2.7  12.0  417.5
clim2006  2006   5   9  129   7.9  15.9  11.6  -999   1.1   1.4  10.2  417.5
clim2006  2006   5  10  130   5.2  16.6  14.5  -999   0.9   1.1  10.4  417.5
clim2006  2006   5  11  131   8.2  19.7  22.0  -999   0.0   1.3  11.7  417.5
clim2006  2006   5  12  132  10.0  19.3  12.6  -999   1.1   1.5  12.4  417.5
clim2006  2006   5  13  133   9.6  15.4   3.4  -999   1.8   2.3  13.3  417.5
clim2006  2006   5  14  134   8.6  13.6   0.9  -999   0.0   1.5  12.3  417.5
clim2006  2006   5  15  135   9.0  18.3   4.6  -999   0.0   2.0  14.4  417.5
clim2006  2006   5  16  136  11.4  16.0   4.4  -999   6.7   2.0  16.2  417.5
clim2006  2006   5  17  137  11.1  17.1   9.8  -999   3.9   1.8  17.0  417.5
clim2006  2006   5  18  138  10.3  16.4   2.0  -999   4.5   3.5  15.7  417.5
clim2006  2006   5  19  139   8.7  11.3   0.6  -999   0.4   5.4  10.9  417.5
clim2006  2006   5  20  140   8.1  10.2   2.2  -999   3.8   5.6  11.2  417.5
clim2006  2006   5  21  141   8.6  14.0   2.1  -999   2.4   4.1  12.5  417.5
clim2006  2006   5  22  142   8.5  15.2   6.6  -999   1.6   4.8  11.5  417.5
clim2006  2006   5  23  143   5.4   9.0   2.0  -999   0.0   4.2   8.6  417.5
clim2006  2006   5  24  144   4.9  10.7   6.0  -999   0.1   4.0   8.4  417.5
clim2006  2006   5  25  145   7.3  10.7   0.1  -999   1.3   3.5  11.6  417.5
clim2006  2006   5  26  146   8.4  13.0   0.1  -999   0.3   3.9  15.1  417.5
clim2006  2006   5  27  147  10.7  14.8   0.1  -999   0.0   3.9  16.4  417.5
clim2006  2006   5  28  148   8.1  13.1   2.9  -999   0.5   3.4  15.5  417.5
clim2006  2006   5  29  149   3.6   9.7   0.6  -999   4.8   2.4  11.4  417.5
clim2006  2006   5  30  150   2.8   7.3   3.5  -999   0.7   3.4   8.1  417.5
clim2006  2006   5  31  151   2.4   8.8   0.2  -999   1.3   2.8   8.7  417.5
clim2006  2006   6   1  152   3.6   7.0   0.2  -999   2.2   3.3   8.9  415.0
clim2006  2006   6   2  153   2.3  12.0   2.8  -999   0.0   2.3   9.5  415.0
clim2006  2006   6   3  154   4.3  14.8   3.8  -999   0.0   1.9   9.6  415.0
clim2006  2006   6   4  155   7.4  13.7   8.3  -999   0.0   2.6  11.2  415.0
clim2006  2006   6   5  156   6.2  13.4   2.5  -999   0.8   1.9  12.2  415.0
clim2006  2006   6   6  157   4.4  14.0  12.3  -999   0.0   1.6  10.7  415.0
clim2006  2006   6   7  158   5.8  16.2   5.9  -999   0.0   1.0   9.3  415.0
clim2006  2006   6   8  159   6.9  19.0  11.8  -999   0.0   1.2   9.9  415.0
clim2006  2006   6   9  160   8.4  21.0  19.4  -999   0.0   1.7  10.3  415.0
clim2006  2006   6  10  161   9.9  22.9  20.6  -999   0.0   1.9  12.3  415.0
clim2006  2006   6  11  162  12.6  24.2  21.6  -999   0.0   2.1  13.9  415.0
clim2006  2006   6  12  163  13.0  24.9  21.6  -999   0.0   2.0  15.0  415.0
clim2006  2006   6  13  164  13.2  26.4  16.4  -999   0.0   1.2  15.1  415.0
clim2006  2006   6  14  165  15.2  22.2   9.1  -999   0.3   1.4  17.0  415.0
clim2006  2006   6  15  166  11.5  20.8   0.5  -999   0.0   1.3  17.0  415.0
clim2006  2006   6  16  167   8.9  17.4  18.7  -999   0.0   1.6  16.8  415.0
clim2006  2006   6  17  168   8.8  20.0  23.0  -999   0.3   1.2  15.4  415.0
clim2006  2006   6  18  169  11.8  23.8  16.0  -999   0.7   1.6  17.2  415.0
clim2006  2006   6  19  170  14.7  21.0   8.4  -999   3.0   2.4  18.6  415.0
clim2006  2006   6  20  171  13.4  20.4   3.5  -999   1.0   1.9  18.4  415.0
clim2006  2006   6  21  172  13.0  17.8   5.0  -999   0.1   3.2  15.5  415.0
clim2006  2006   6  22  173  11.0  14.9   1.4  -999   0.0   3.0  13.5  415.0
clim2006  2006   6  23  174   7.0  17.0  15.4  -999   0.0   1.0  11.7  415.0
clim2006  2006   6  24  175   9.5  22.4  18.0  -999   0.0   1.2  16.0  415.0
clim2006  2006   6  25  176  14.3  21.4   3.7  -999   3.0   0.9  18.6  415.0
clim2006  2006   6  26  177  12.3  18.2   3.1  -999   1.7   2.9  15.4  415.0
clim2006  2006   6  27  178  10.7  15.7   3.4  -999   0.8   1.0  16.9  415.0
clim2006  2006   6  28  179  10.2  19.2   6.1  -999   0.1   1.3  18.0  415.0
clim2006  2006   6  29  180  11.4  20.4   5.4  -999   0.0   1.7  15.5  415.0
clim2006  2006   6  30  181  11.6  22.9   7.4  -999   0.0   1.1  15.2  415.0
clim2006  2006   7   1  182  14.8  24.9  21.8  -999   0.0   1.8  15.2  412.5
clim2006  2006   7   2  183  15.2  24.6  22.4  -999   0.0   2.6  15.3  412.5
clim2006  2006   7   3  184  15.4  25.1  22.6  -999   0.0   2.1  17.0  412.5
clim2006  2006   7   4  185  14.3  27.7  20.0  -999   8.1   1.0  18.7  412.5
clim2006  2006   7   5  186  16.6  27.3  14.1  -999   3.7   1.6  18.2  412.5
clim2006  2006   7   6  187  14.4  21.2   6.0  -999   3.5   1.4  18.2  412.5
clim2006  2006   7   7  188  13.6  19.7   4.4  -999   1.6   1.6  17.9  412.5
clim2006  2006   7   8  189  14.0  20.0  15.5  -999   0.0   1.7  17.2  412.5
clim2006  2006   7   9  190  14.5  21.6   2.1  -999   0.0   2.8  17.0  412.5
clim2006  2006   7  10  191  13.7  22.7  19.6  -999   0.0   1.4  17.7  412.5
clim2006  2006   7  11  192  14.9  22.6   9.2  -999   0.0   1.9  19.0  412.5
clim2006  2006   7  12  193  13.9  23.8  10.1  -999   0.0   1.6  18.6  412.5
clim2006  2006   7  13  194  15.0  23.6  11.7  -999   0.0   2.2  17.9  412.5
clim2006  2006   7  14  195  14.1  21.1  14.4  -999   0.0   3.5  18.8  412.5
clim2006  2006   7  15  196  12.9  22.7  21.7  -999   0.0   2.8  16.7  412.5
clim2006  2006   7  16  197  14.4  25.4  21.7  -999   0.0   2.4  13.6  412.5
clim2006  2006   7  17  198  15.1  26.4  22.2  -999   0.0   1.7  13.0  412.5
clim2006  2006   7  18  199  14.8  28.7  22.1  -999   0.0   1.7  13.6  412.5
clim2006  2006   7  19  200  16.7  31.0  20.5  -999   0.0   1.7  16.0  412.5
clim2006  2006   7  20  201  17.6  26.8  11.4  -999   0.0   1.7  18.1  412.5
clim2006  2006   7  21  202  17.1  28.1  16.0  -999   0.0   1.0  17.2  412.5
clim2006  2006   7  22  203  19.2  28.4   6.4  -999   1.2   1.1  17.5  412.5
clim2006  2006   7  23  204  17.4  24.8  11.4  -999   0.0   1.6  17.6  412.5
clim2006  2006   7  24  205  15.5  25.4  10.1  -999   0.0   1.3  16.2  412.5
clim2006  2006   7  25  206  19.2  28.0   9.8  -999   0.1   1.5  17.0  412.5
clim2006  2006   7  26  207  18.7  30.0  19.9  -999   2.3   1.0  17.2  412.5
clim2006  2006   7  27  208  17.8  28.7   2.6  -999   6.7   1.3  18.6  412.5
clim2006  2006   7  28  209  16.4  22.0   0.7  -999   2.2   1.1  19.5  412.5
clim2006  2006   7  29  210  15.1  24.3  11.2  -999   0.2   1.2  19.0  412.5
clim2006  2006   7  30  211  14.8  23.2   9.0  -999   0.0   2.2  18.0  412.5
clim2006  2006   7  31  212  13.3  20.1   4.5  -999   0.7   1.7  16.9  412.5
clim2006  2006   8   1  213  12.2  17.2   1.1  -999   0.6   3.7  15.1  410.7
clim2006  2006   8   2  214  11.8  15.9   2.1  -999   3.6   3.6  13.9  410.7
clim2006  2006   8   3  215  10.0  16.1   3.5  -999  15.1   1.8  15.3  410.7
clim2006  2006   8   4  216  12.6  14.5   1.7  -999   1.9   2.7  14.8  410.7
clim2006  2006   8   5  217  12.5  18.9   7.3  -999   2.1   2.6  15.2  410.7
clim2006  2006   8   6  218  12.9  19.3   7.0  -999   0.0   2.5  14.9  410.7
clim2006  2006   8   7  219  11.1  20.6  13.8  -999   0.1   2.0  14.7  410.7
clim2006  2006   8   8  220  10.8  16.8   4.1  -999   0.8   2.9  15.5  410.7
clim2006  2006   8   9  221   9.8  17.0   2.5  -999   0.4   1.8  12.9  410.7
clim2006  2006   8  10  222   9.1  14.3   4.5  -999   0.1   2.3  12.8  410.7
clim2006  2006   8  11  223   8.6  12.0   0.8  -999   2.5   2.0  12.7  410.7
clim2006  2006   8  12  224   8.5  13.2   3.9  -999  14.1   1.1  13.0  410.7
clim2006  2006   8  13  225   8.3  14.6   1.9  -999   8.0   1.3  13.8  410.7
clim2006  2006   8  14  226   9.0  14.2   2.2  -999   2.4   2.5  13.8  410.7
clim2006  2006   8  15  227  11.1  16.0   3.8  -999   1.2   2.6  13.7  410.7
clim2006  2006   8  16  228  10.4  17.5   9.6  -999   1.7   1.4  15.8  410.7
clim2006  2006   8  17  229  12.7  18.4   7.7  -999  21.8   1.8  17.3  410.7
clim2006  2006   8  18  230  14.6  17.6   5.9  -999   0.0   2.8  14.6  410.7
clim2006  2006   8  19  231  12.9  17.5   6.6  -999   1.8   2.3  15.2  410.7
clim2006  2006   8  20  232  12.3  15.3   0.2  -999   0.1   3.6  15.0  410.7
clim2006  2006   8  21  233  11.6  14.4   0.6  -999   0.8   3.7  14.5  410.7
clim2006  2006   8  22  234  10.5  15.7   0.7  -999   0.1   2.2  14.5  410.7
clim2006  2006   8  23  235   9.1  17.1   2.9  -999   0.0   1.3  13.7  410.7
clim2006  2006   8  24  236  12.0  13.9   1.7  -999   0.4   2.8  13.0  410.7
clim2006  2006   8  25  237   9.6  13.6   0.1  -999   0.0   2.6  11.2  410.7
clim2006  2006   8  26  238   9.0  15.3   2.3  -999   5.6   1.3  14.2  410.7
clim2006  2006   8  27  239  10.0  15.4   2.4  -999   0.1   2.2  14.1  410.7
clim2006  2006   8  28  240   9.2  11.6   0.1  -999   4.7   3.5  14.2  410.7
clim2006  2006   8  29  241   8.6  11.8   2.7  -999   4.5   3.1  12.1  410.7
clim2006  2006   8  30  242   8.2  13.1   5.7  -999   0.1   2.6  11.7  410.7
clim2006  2006   8  31  243   7.5  16.8   4.8  -999   0.0   1.9  12.3  410.7
clim2006  2006   9   1  244  11.3  20.2  16.0  -999   0.0   2.0  13.5  410.0
clim2006  2006   9   2  245  12.6  18.4   4.1  -999   0.0   2.4  15.9  410.0
clim2006  2006   9   3  246  16.0  18.0   0.1  -999   0.1   5.2  19.7  410.0
clim2006  2006   9   4  247  12.2  18.8   6.9  -999   0.0   2.9  20.8  410.0
clim2006  2006   9   5  248  11.6  20.2  10.7  -999   0.0   1.3  19.1  410.0
clim2006  2006   9   6  249  12.4  23.0  23.6  -999   0.1   0.7  19.1  410.0
clim2006  2006   9   7  250  11.4  18.7   1.0  -999   0.1   2.4  18.1  410.0
clim2006  2006   9   8  251   8.8  15.6  16.6  -999   0.0   2.1  11.6  410.0
clim2006  2006   9   9  252   9.2  18.7  24.3  -999   0.0   2.6  13.2  410.0
clim2006  2006   9  10  253  10.2  21.3  20.1  -999   0.0   1.4  15.7  410.0
clim2006  2006   9  11  254  11.1  22.7  23.4  -999   0.0   1.2  16.5  410.0
clim2006  2006   9  12  255  13.0  24.4  23.1  -999   0.0   1.4  14.6  410.0
clim2006  2006   9  13  256  15.4  21.3  21.7  -999   3.9   1.7  15.7  410.0
clim2006  2006   9  14  257  15.2  20.3   5.9  -999  13.4   1.2  17.4  410.0
clim2006  2006   9  15  258  13.9  21.4   5.0  -999  11.6   2.1  18.1  410.0
clim2006  2006   9  16  259  13.0  21.1   8.0  -999   0.1   1.0  16.7  410.0
clim2006  2006   9  17  260  14.9  18.3   0.2  -999   0.5   2.1  16.4  410.0
clim2006  2006   9  18  261  12.3  17.0   0.4  -999   0.6   1.7  15.9  410.0
clim2006  2006   9  19  262   8.3  15.0   3.5  -999   0.3   2.2  14.7  410.0
clim2006  2006   9  20  263   7.0  17.3  18.8  -999   0.2   1.6  14.9  410.0
clim2006  2006   9  21  264  11.5  22.6  20.9  -999   0.0   2.3  14.1  410.0
clim2006  2006   9  22  265  15.9  22.2  10.4  -999   1.2   2.1  14.7  410.0
clim2006  2006   9  23  266  14.3  21.8   7.9  -999   3.9   1.2  17.6  410.0
clim2006  2006   9  24  267  14.7  19.3   0.7  -999  13.0   1.5  17.3  410.0
clim2006  2006   9  25  268  12.3  15.6   0.4  -999   0.3   1.7  14.5  410.0
clim2006  2006   9  26  269   9.6  15.1   1.3  -999   0.1   1.7  13.7  410.0
clim2006  2006   9  27  270   9.2  15.8   4.6  -999   0.1   1.0  13.3  410.0
clim2006  2006   9  28  271  10.9  17.5   7.2  -999   0.0   1.4  13.9  410.0
clim2006  2006   9  29  272  11.4  17.5   4.0  -999   1.3   1.9  14.3  410.0
clim2006  2006   9  30  273  11.9  17.2  10.7  -999   7.9   2.0  16.7  410.0
clim2006  2006  10   1  274  13.3  18.2   2.8  -999   1.0   3.2  16.9  410.7
clim2006  2006  10   2  275  11.5  13.9   2.5  -999  20.1   4.5  16.2  410.7
clim2006  2006  10   3  276   9.0  11.8   2.0  -999  28.7   2.3  14.8  410.7
clim2006  2006  10   4  277   7.1  10.6   1.0  -999   0.9   2.5  12.1  410.7
clim2006  2006  10   5  278   6.7  11.8   1.9  -999   0.1   3.1  11.9  410.7
clim2006  2006  10   6  279  10.9  14.1   0.3  -999   7.5   5.0  14.3  410.7
clim2006  2006  10   7  280   7.2  11.8   2.2  -999   0.2   3.3  11.7  410.7
clim2006  2006  10   8  281   5.2  13.5  14.8  -999   0.0   1.4  10.9  410.7
clim2006  2006  10   9  282   8.0  16.4  13.0  -999   0.1   1.7  13.2  410.7
clim2006  2006  10  10  283   9.9  17.3  13.6  -999   0.0   1.1  14.2  410.7
clim2006  2006  10  11  284   9.3  18.1  11.8  -999   4.5   1.6  14.0  410.7
clim2006  2006  10  12  285  11.5  14.8   0.2  -999   0.0   1.6  14.5  410.7
clim2006  2006  10  13  286  10.6  14.7   8.6  -999   0.0   1.8  14.8  410.7
clim2006  2006  10  14  287  10.4  13.9   4.4  -999   0.0   2.5  14.2  410.7
clim2006  2006  10  15  288   8.3  15.0  14.2  -999   0.1   2.7  13.0  410.7
clim2006  2006  10  16  289   6.6  15.0  14.4  -999   0.0   2.0  12.3  410.7
clim2006  2006  10  17  290   5.5  15.8  12.0  -999   0.4   2.0  11.5  410.7
clim2006  2006  10  18  291   9.8  15.7   8.2  -999   1.9   2.4  11.9  410.7
clim2006  2006  10  19  292  11.6  13.4   1.1  -999   7.9   3.7  13.9  410.7
clim2006  2006  10  20  293  10.7  14.2   2.6  -999   3.5   3.8  14.8  410.7
clim2006  2006  10  21  294  11.4  13.0   1.2  -999   1.5   3.4  14.5  410.7
clim2006  2006  10  22  295  10.3  15.6   2.4  -999   1.6   4.0  14.4  410.7
clim2006  2006  10  23  296  13.1  14.7   0.3  -999   9.5   4.5  16.1  410.7
clim2006  2006  10  24  297   8.2  13.2   0.0  -999   0.0   5.4  11.4  410.7
clim2006  2006  10  25  298   6.2  15.0   3.9  -999   0.0   2.5  12.8  410.7
clim2006  2006  10  26  299  14.6  18.8  10.6  -999   0.0   3.9  14.7  410.7
clim2006  2006  10  27  300  10.7  14.0   0.6  -999   0.2   2.2  16.2  410.7
clim2006  2006  10  28  301  10.8  13.7   0.3  -999   0.1   3.0  14.6  410.7
clim2006  2006  10  29  302   6.2  13.5   1.8  -999   1.3   3.0  15.4  410.7
clim2006  2006  10  30  303   3.4  11.7   7.0  -999   0.2   1.4  11.9  410.7
clim2006  2006  10  31  304   6.8  12.0   2.7  -999   0.7   3.7  11.7  410.7
clim2006  2006  11   1  305   2.2   6.7   2.9  -999   0.0   4.3   8.4  412.5
clim2006  2006  11   2  306  -1.6   4.8   1.4  -999   0.0   2.1   6.0  412.5
clim2006  2006  11   3  307  -1.0   6.3   3.8  -999   0.0   1.3   6.3  412.5
clim2006  2006  11   4  308   2.0   7.1   2.5  -999   0.1   1.8   6.6  412.5
clim2006  2006  11   5  309   2.9   7.8   0.4  -999   0.0   3.0   6.6  412.5
clim2006  2006  11   6  310   4.6   6.7   0.3  -999   0.0   2.0   7.0  412.5
clim2006  2006  11   7  311   3.0   8.6   8.4  -999   0.0   1.2   7.4  412.5
clim2006  2006  11   8  312   3.0   9.4   5.6  -999   0.0   3.5   9.7  412.5
clim2006  2006  11   9  313   2.9   9.6   1.5  -999   0.2   2.9  11.2  412.5
clim2006  2006  11  10  314  -1.4   7.2   4.7  -999   0.0   1.4   7.6  412.5
clim2006  2006  11  11  315   3.2   8.8   0.0  -999   5.1   4.0   9.8  412.5
clim2006  2006  11  12  316   3.8   5.9   0.4  -999   0.7   4.0  10.1  412.5
clim2006  2006  11  13  317   3.8  10.0   0.0  -999   1.9   4.4  10.6  412.5
clim2006  2006  11  14  318   9.0  10.5   0.0  -999   0.2   4.1  12.0  412.5
clim2006  2006  11  15  319   8.8  12.0   2.2  -999   0.0   3.5  11.4  412.5
clim2006  2006  11  16  320  11.2  14.4   5.8  -999  16.1   5.0  11.7  412.5
clim2006  2006  11  17  321   7.2  11.0   2.0  -999   1.1   3.4  11.7  412.5
clim2006  2006  11  18  322   3.6   8.1   0.3  -999   1.9   2.4  10.2  412.5
clim2006  2006  11  19  323   2.2   6.3   0.0  -999   2.5   1.8   9.4  412.5
clim2006  2006  11  20  324   2.1   8.0   0.1  -999   4.1   4.5   8.5  412.5
clim2006  2006  11  21  325   2.8   8.3   0.4  -999   5.3   3.5   9.7  412.5
clim2006  2006  11  22  326   2.1   4.8   0.1  -999   0.4   3.4   8.0  412.5
clim2006  2006  11  23  327   5.1  10.6   0.0  -999   6.5   4.9  11.3  412.5
clim2006  2006  11  24  328   6.1  11.8   0.1  -999   1.4   4.0  11.8  412.5
clim2006  2006  11  25  329   9.3  13.7   0.0  -999  11.7   5.2  12.0  412.5
clim2006  2006  11  26  330   7.8  11.7   0.6  -999   0.1   2.3  11.5  412.5
clim2006  2006  11  27  331   7.7  12.2   0.5  -999   0.0   2.6  11.0  412.5
clim2006  2006  11  28  332   8.4  12.7   5.9  -999   0.7   3.0  11.1  412.5
clim2006  2006  11  29  333   1.8   8.1   0.4  -999   0.0   1.9   9.7  412.5
clim2006  2006  11  30  334   0.2   6.9   1.6  -999   0.0   2.0   8.6  412.5
clim2006  2006  12   1  335   5.0   8.0   2.5  -999   0.1   3.6   8.8  415.0
clim2006  2006  12   2  336   6.9   9.0   0.8  -999   0.0   3.7   9.3  415.0
clim2006  2006  12   3  337   5.3   8.1   0.2  -999   6.4   5.1  10.9  415.0
clim2006  2006  12   4  338   5.1   9.8   0.0  -999   3.6   5.0  11.6  415.0
clim2006  2006  12   5  339   9.2  11.1   0.2  -999   9.3   5.9  12.4  415.0
clim2006  2006  12   6  340   3.7   8.6   0.3  -999   0.7   4.0   9.3  415.0
clim2006  2006  12   7  341   3.1   7.3   0.1  -999   4.5   5.6   8.5  415.0
clim2006  2006  12   8  342   4.7   7.6   0.6  -999   2.1   5.6   9.3  415.0
clim2006  2006  12   9  343   1.6   4.5   0.1  -999   0.2   2.4   7.6  415.0
clim2006  2006  12  10  344  -1.6   3.1   1.9  -999   0.0   2.0   6.6  415.0
clim2006  2006  12  11  345   2.1   4.6   0.0  -999   2.5   4.9   6.5  415.0
clim2006  2006  12  12  346   2.9   5.3   3.4  -999   0.2   3.1   7.7  415.0
clim2006  2006  12  13  347   3.8   6.2   0.0  -999   0.0   4.0   6.9  415.0
clim2006  2006  12  14  348   1.6   5.6   0.7  -999   0.0   3.3   6.1  415.0
clim2006  2006  12  15  349   1.0   5.1   4.6  -999   0.0   2.8   6.5  415.0
clim2006  2006  12  16  350   1.8   5.5   0.0  -999   1.7   3.5   8.3  415.0
clim2006  2006  12  17  351   0.2   3.2   0.1  -999   0.2   2.2   7.6  415.0
clim2006  2006  12  18  352  -0.6   2.7   1.1  -999   0.2   0.9   7.0  415.0
clim2006  2006  12  19  353  -1.6   2.2   1.7  -999   0.0   2.0   5.0  415.0
clim2006  2006  12  20  354  -3.4   0.5   2.2  -999   0.0   1.0   4.7  415.0
clim2006  2006  12  21  355  -0.4   4.4   0.0  -999   0.0   1.7   5.8  415.0
clim2006  2006  12  22  356  -0.6   3.9   4.8  -999   0.0   1.8   5.5  415.0
clim2006  2006  12  23  357  -0.8   3.2   4.7  -999   0.0   1.8   5.0  415.0
clim2006  2006  12  24  358  -2.6   3.3   4.7  -999   0.0   1.4   5.5  415.0
clim2006  2006  12  25  359  -2.4  -0.5   4.2  -999   0.0   1.7   5.7  415.0
clim2006  2006  12  26  360  -1.5  -0.2   3.5  -999   0.0   1.5   5.4  415.0
clim2006  2006  12  27  361  -3.0  -1.6   0.1  -999   0.0   1.8   4.8  415.0
clim2006  2006  12  28  362  -2.8  -1.0   0.0  -999   0.0   2.3   4.7  415.0
clim2006  2006  12  29  363  -3.5   3.1   2.7  -999   0.0   2.3   5.2  415.0
clim2006  2006  12  30  364   2.0   8.0   0.0  -999   0.9   5.4   7.9  415.0
clim2006  2006  12  31  365   4.4   8.8   0.0  -999   8.8   5.2  10.6  415.0
