clim2005  2005   1   1    1   4.4   7.3   0.3  -999   3.7   3.0  10.4  417.5
clim2005  2005   1   2    2   0.8   6.8   1.3  -999   0.4   4.4   8.1  417.5
clim2005  2005   1   3    3   0.0   3.9   0.3  -999   0.0   3.7   6.7  417.5
clim2005  2005   1   4    4   1.2   3.7   3.2  -999   0.0   4.3   6.1  417.5
clim2005  2005   1   5    5   1.7   5.1   0.2  -999   2.6   3.5   8.2  417.5
clim2005  2005   1   6    6   3.6   5.4   0.9  -999   0.2   3.7   9.9  417.5
clim2005  2005   1   7    7   5.3   7.7   0.2  -999   0.0   4.8   8.8  417.5
clim2005  2005   1   8    8   3.1   7.3   0.3  -999   1.0   5.6   8.3  417.5
clim2005  2005   1   9    9   3.0   7.3   2.6  -999   0.2   3.7   9.9  417.5
clim2005  2005   1  10   10   5.8   8.6   3.7  -999   0.1   4.2   7.8  417.5
clim2005  2005   1  11   11   6.2   7.8   0.8  -999   0.0   4.0   8.3  417.5
clim2005  2005   1  12   12   1.8   7.8   1.1  -999   3.1   3.4   9.2  417.5
clim2005  2005   1  13   13  -0.5   3.8   0.9  -999   0.0   3.0   7.0  417.5
clim2005  2005   1  14   14  -2.1   1.1   3.6  -999   0.0   1.0   5.7  417.5
clim2005  2005   1  15   15  -5.1   1.6   4.2  -999   0.0   1.3   5.2  417.5
clim2005  2005   1  16   16  -5.3   3.0   4.4  -999   0.0   1.8   5.7  417.5
clim2005  2005   1  17   17  -0.4   3.7   0.6  -999   2.6   3.5   6.7  417.5
clim2005  2005   1  18   18  -1.7   4.6   0.4  -999   6.1   4.5   7.3  417.5
clim2005  2005   1  19   19   0.2   2.2   0.5  -999   1.6   3.7   7.0  417.5
clim2005  2005   1  20   20   2.8   7.1   0.2  -999   3.3   5.7   9.4  417.5
clim2005  2005   1  21   21   0.4   6.7   0.4  -999   4.1   5.0   8.6  417.5
clim2005  2005   1  22   22  -2.9   2.7   0.3  -999  10.2   2.2   6.8  417.5
clim2005  2005   1  23   23  -2.5   1.0   1.9  -999   1.8   2.6   5.7  417.5
clim2005  2005   1  24   24  -6.2  -1.3   0.4  -999   0.4   3.6   4.7  417.5
clim2005  2005   1  25   25  -7.2  -2.8   0.7  -999   0.3   3.0   3.9  417.5
clim2005  2005   1  26   26 -10.6  -2.5   0.5  -999   0.3   3.9   3.6  417.5
clim2005  2005   1  27   27 -11.6  -1.9   0.6  -999   0.9   1.3   3.4  417.5
clim2005  2005   1  28   28  -7.0  -0.7   1.3  -999   0.1   0.7   4.5  417.5
clim2005  2005   1  29   29  -8.0  -1.3   2.5  -999   0.2   1.1   3.7  417.5
clim2005  2005   1  30   30  -6.9   2.1   0.3  -999   0.1   1.7   3.7  417.5
clim2005  2005   1  31   31   0.7   4.1   0.3  -999   0.6   3.2   6.1  417.5
clim2005  2005   2   1   32  -1.0   4.1   0.4  -999   0.4   3.6   6.8  419.3
clim2005  2005   2   2   33  -1.0   2.5   0.3  -999   1.1   3.0   7.0  419.3
clim2005  2005   2   3   34   0.6   3.2   0.4  -999   0.2   2.2   7.0  419.3
clim2005  2005   2   4   35  -3.3   3.5   5.3  -999   0.0   1.2   6.0  419.3
clim2005  2005   2   5   36  -4.4   1.6   3.2  -999   0.0   2.0   5.3  419.3
clim2005  2005   2   6   37  -6.1   3.8   4.0  -999   0.0   1.4   5.9  419.3
clim2005  2005   2   7   38  -6.4   2.6   2.2  -999   0.0   1.2   6.2  419.3
clim2005  2005   2   8   39  -5.0   4.5   4.7  -999   0.0   1.2   6.1  419.3
clim2005  2005   2   9   40  -2.5   6.3   2.5  -999   0.0   2.2   6.1  419.3
clim2005  2005   2  10   41   2.1   5.0   0.5  -999   0.5   4.6   7.3  419.3
clim2005  2005   2  11   42   4.1   5.8   0.5  -999  16.2   3.0   9.6  419.3
clim2005  2005   2  12   43   1.5   7.3   0.4  -999   6.1   5.8  10.6  419.3
clim2005  2005   2  13   44  -1.4   0.8   0.6  -999   5.9   5.1   6.5  419.3
clim2005  2005   2  14   45  -2.7   1.0   0.5  -999   3.3   4.5   6.0  419.3
clim2005  2005   2  15   46  -4.7  -1.0   0.5  -999   0.3   4.3   5.2  419.3
clim2005  2005   2  16   47  -8.2  -2.6   0.9  -999   0.1   3.5   4.3  419.3
clim2005  2005   2  17   48 -10.0  -2.1   0.7  -999   0.0   1.5   4.0  419.3
clim2005  2005   2  18   49  -8.8  -0.3   1.6  -999   2.6   1.8   4.0  419.3
clim2005  2005   2  19   50  -2.3   0.7   0.6  -999   4.0   2.8   5.7  419.3
clim2005  2005   2  20   51  -5.0  -0.4   0.5  -999   1.2   2.0   5.3  419.3
clim2005  2005   2  21   52  -6.7  -0.6   1.0  -999   0.3   1.8   5.1  419.3
clim2005  2005   2  22   53  -7.7  -2.4   1.1  -999   0.7   3.6   4.8  419.3
clim2005  2005   2  23   54  -8.2  -2.3   1.0  -999   0.5   1.7   4.3  419.3
clim2005  2005   2  24   55  -8.7  -2.2   1.3  -999   0.3   1.5   4.3  419.3
clim2005  2005   2  25   56  -9.6  -0.2   2.7  -999   0.0   1.5   4.0  419.3
clim2005  2005   2  26   57  -6.0   0.3   0.8  -999   0.4   1.5   3.9  419.3
clim2005  2005   2  27   58  -9.9  -3.7   1.5  -999   0.6   4.4   3.6  419.3
clim2005  2005   2  28   59 -12.2  -4.6   2.7  -999   0.0   1.4   2.3  419.3
clim2005  2005   3   1   60 -10.5  -3.0   1.2  -999   0.0   2.8   2.4  420.0
clim2005  2005   3   2   61  -5.8  -1.0   1.0  -999   0.0   3.1   2.8  420.0
clim2005  2005   3   3   62  -6.1  -0.5   1.1  -999   3.2   2.2   4.9  420.0
clim2005  2005   3   4   63  -7.6  -1.8   1.3  -999   1.5   1.8   4.7  420.0
clim2005  2005   3   5   64  -5.2  -0.7   0.8  -999   1.9   2.0   5.4  420.0
clim2005  2005   3   6   65  -6.9  -2.2   1.4  -999   0.5   3.3   4.4  420.0
clim2005  2005   3   7   66  -3.9   1.0   0.7  -999   1.9   2.8   4.9  420.0
clim2005  2005   3   8   67   0.3   2.2   0.6  -999   0.7   3.6   6.4  420.0
clim2005  2005   3   9   68  -0.5   3.0   0.6  -999   0.4   2.9   6.6  420.0
clim2005  2005   3  10   69  -6.7   2.1   2.1  -999   0.0   1.1   6.3  420.0
clim2005  2005   3  11   70  -7.2   4.0   0.7  -999   0.0   5.1   5.5  420.0
clim2005  2005   3  12   71  -1.4   1.8   1.4  -999   1.9   4.4   6.1  420.0
clim2005  2005   3  13   72  -2.2   3.4   1.3  -999   0.0   2.9   5.0  420.0
clim2005  2005   3  14   73  -2.6   4.8   1.6  -999   0.0   1.8   5.5  420.0
clim2005  2005   3  15   74  -3.2   8.9   3.8  -999   0.0   2.4   7.4  420.0
clim2005  2005   3  16   75   4.4  15.8   4.2  -999   0.0   3.4   8.3  420.0
clim2005  2005   3  17   76   6.2  12.2   2.2  -999   0.0   4.1  10.0  420.0
clim2005  2005   3  18   77   3.1  11.5   4.6  -999   0.0   2.3  10.7  420.0
clim2005  2005   3  19   78   2.8  12.6   1.8  -999   0.0   1.3   9.4  420.0
clim2005  2005   3  20   79   5.3  11.9   3.7  -999   0.0   1.7  10.9  420.0
clim2005  2005   3  21   80   3.5  13.3   4.5  -999   0.0   2.7  10.0  420.0
clim2005  2005   3  22   81   8.0  12.9   2.9  -999   2.4   2.8  10.6  420.0
clim2005  2005   3  23   82   5.5  14.2   5.1  -999   0.1   1.5  11.3  420.0
clim2005  2005   3  24   83   7.6  13.3   2.9  -999   2.5   2.2  11.5  420.0
clim2005  2005   3  25   84   6.0  11.7   3.0  -999   0.0   1.3  10.3  420.0
clim2005  2005   3  26   85   4.9  13.6   3.7  -999   4.6   1.2  11.1  420.0
clim2005  2005   3  27   86   6.3  11.3   1.7  -999   2.6   1.4  11.5  420.0
clim2005  2005   3  28   87   5.7  11.2   2.0  -999   2.0   1.3  11.5  420.0
clim2005  2005   3  29   88   4.8  11.8   3.3  -999   2.2   1.0  11.2  420.0
clim2005  2005   3  30   89   5.8  10.0   1.3  -999   2.8   1.1  10.5  420.0
clim2005  2005   3  31   90   5.5  11.3   1.6  -999   1.0   1.0  10.2  420.0
clim2005  2005   4   1   91   3.6  13.1   6.5  -999   0.0   1.7   8.5  419.3
clim2005  2005   4   2   92   2.7  14.2   6.6  -999   0.0   1.8   8.2  419.3
clim2005  2005   4   3   93   6.1  15.2   6.1  -999   0.0   1.8   7.7  419.3
clim2005  2005   4   4   94   5.1  13.4   5.4  -999   2.4   2.4   8.1  419.3
clim2005  2005   4   5   95   2.3   9.5   4.0  -999   0.8   1.8  10.1  419.3
clim2005  2005   4   6   96   1.8  10.7   2.8  -999   4.2   3.3  11.6  419.3
clim2005  2005   4   7   97   3.6   8.0   2.5  -999   9.1   4.4  10.7  419.3
clim2005  2005   4   8   98   1.2   4.8   1.8  -999   5.0   3.0   7.8  419.3
clim2005  2005   4   9   99  -0.4   3.8   4.3  -999   0.0   3.9   5.7  419.3
clim2005  2005   4  10  100   2.0   6.9   2.0  -999   0.1   2.1   7.1  419.3
clim2005  2005   4  11  101   0.6  11.7   5.9  -999   0.0   1.8   7.4  419.3
clim2005  2005   4  12  102   2.4  12.1   2.3  -999   0.0   1.3   8.3  419.3
clim2005  2005   4  13  103   4.6  10.6   4.3  -999   0.0   1.8   9.2  419.3
clim2005  2005   4  14  104   6.9  11.6   3.8  -999   4.8   2.3   9.4  419.3
clim2005  2005   4  15  105   5.3  10.5   5.3  -999   2.3   2.2   9.0  419.3
clim2005  2005   4  16  106   4.8   8.1   1.3  -999  11.6   3.1   9.0  419.3
clim2005  2005   4  17  107   5.4  12.8   2.1  -999   0.5   2.5   8.9  419.3
clim2005  2005   4  18  108   5.6   9.9   4.3  -999   4.8   1.8  10.2  419.3
clim2005  2005   4  19  109   3.7   7.8   2.3  -999   1.1   1.2   8.6  419.3
clim2005  2005   4  20  110   3.4   7.0   2.2  -999   0.3   1.7   8.5  419.3
clim2005  2005   4  21  111   0.9  10.1   7.1  -999   0.0   1.6   8.1  419.3
clim2005  2005   4  22  112   0.0  12.5   7.3  -999   0.5   1.2   6.9  419.3
clim2005  2005   4  23  113   3.6  12.8   3.9  -999   2.8   1.5  11.4  419.3
clim2005  2005   4  24  114   4.5  13.3   4.4  -999   7.2   1.5  12.1  419.3
clim2005  2005   4  25  115   6.9   9.4   1.3  -999   0.8   1.7  11.0  419.3
clim2005  2005   4  26  116   6.4  11.2   4.9  -999   3.8   2.5  11.3  419.3
clim2005  2005   4  27  117   4.6  10.6   4.9  -999   0.0   3.2  10.8  419.3
clim2005  2005   4  28  118   4.1  14.9   4.4  -999   0.0   1.5  11.6  419.3
clim2005  2005   4  29  119  10.1  16.4   3.8  -999   0.0   1.8  13.3  419.3
clim2005  2005   4  30  120   9.5  19.1   4.6  -999   0.0   1.0  14.1  419.3
clim2005  2005   5   1  121   9.8  23.8   7.6  -999   0.0   1.9  12.0  417.5
clim2005  2005   5   2  122  12.6  19.6   6.2  -999   1.9   2.1  12.0  417.5
clim2005  2005   5   3  123   9.4  15.3   2.6  -999  11.3   2.1  12.9  417.5
clim2005  2005   5   4  124   6.9  11.1   1.6  -999   3.0   2.8  11.6  417.5
clim2005  2005   5   5  125   5.7  10.9   4.9  -999   1.1   2.7  10.1  417.5
clim2005  2005   5   6  126   6.6   9.6   2.5  -999   0.5   3.2  10.3  417.5
clim2005  2005   5   7  127   2.6   8.3   1.6  -999   1.1   4.0  10.2  417.5
clim2005  2005   5   8  128   2.4   7.2   3.9  -999   0.2   2.9   7.8  417.5
clim2005  2005   5   9  129   0.8   7.8   4.0  -999   0.0   2.1   7.5  417.5
clim2005  2005   5  10  130  -1.0   8.1   3.7  -999   0.0   2.2   6.8  417.5
clim2005  2005   5  11  131   0.1  10.0   3.8  -999   0.0   1.7   7.2  417.5
clim2005  2005   5  12  132   2.4  12.8   7.1  -999   2.4   2.8   9.3  417.5
clim2005  2005   5  13  133   6.5  14.0   1.6  -999  17.0   2.4  14.6  417.5
clim2005  2005   5  14  134   6.0   9.8   1.4  -999   2.7   2.1  13.3  417.5
clim2005  2005   5  15  135   3.7  11.6   4.9  -999   1.0   2.0  12.3  417.5
clim2005  2005   5  16  136   3.8  13.8   5.9  -999   2.5   1.0  12.1  417.5
clim2005  2005   5  17  137   2.8   8.9   3.1  -999   0.1   2.4  10.4  417.5
clim2005  2005   5  18  138   0.9  10.1   6.1  -999   0.0   1.7   7.6  417.5
clim2005  2005   5  19  139   3.6  15.1   6.1  -999   0.0   2.1   9.6  417.5
clim2005  2005   5  20  140  10.4  19.2   4.9  -999   4.9   2.6  13.1  417.5
clim2005  2005   5  21  141  10.4  15.5   4.2  -999  10.0   2.7  14.7  417.5
clim2005  2005   5  22  142   9.6  15.7   3.8  -999   4.3   2.5  13.3  417.5
clim2005  2005   5  23  143   6.8  12.6   4.0  -999   0.1   2.4  10.7  417.5
clim2005  2005   5  24  144   6.3  16.0   5.4  -999   0.0   2.6  10.6  417.5
clim2005  2005   5  25  145  10.7  20.8   7.3  -999   0.0   1.7  12.8  417.5
clim2005  2005   5  26  146  12.1  24.8   7.0  -999   0.0   2.0  15.4  417.5
clim2005  2005   5  27  147  13.1  26.8   7.9  -999   0.0   1.4  15.4  417.5
clim2005  2005   5  28  148  13.1  24.1   7.2  -999   0.0   2.0  16.2  417.5
clim2005  2005   5  29  149  10.6  21.1   7.3  -999   1.0   1.5  18.1  417.5
clim2005  2005   5  30  150   6.4  11.9   2.1  -999   1.0   2.1  13.3  417.5
clim2005  2005   5  31  151   4.4  13.6   6.4  -999   0.0   1.7  10.1  417.5
clim2005  2005   6   1  152   5.1  15.5   6.3  -999   0.0   0.9  10.4  415.0
clim2005  2005   6   2  153  10.3  18.6   4.9  -999   0.0   2.0  12.1  415.0
clim2005  2005   6   3  154  10.9  23.7   5.9  -999   0.8   3.0  15.6  415.0
clim2005  2005   6   4  155   9.0  12.3   3.0  -999   0.1   4.0  12.0  415.0
clim2005  2005   6   5  156   8.2  12.8   3.8  -999   0.7   3.2  11.1  415.0
clim2005  2005   6   6  157   6.2  13.5   4.4  -999   5.1   2.2  14.1  415.0
clim2005  2005   6   7  158   4.3  11.6   4.0  -999   0.0   2.9   9.6  415.0
clim2005  2005   6   8  159   3.8  13.8   6.8  -999   0.0   1.9   8.5  415.0
clim2005  2005   6   9  160   5.9  15.4   7.0  -999   0.0   1.7   8.8  415.0
clim2005  2005   6  10  161   6.6  15.5   6.5  -999   0.0   1.7   8.9  415.0
clim2005  2005   6  11  162   5.6  11.8   4.4  -999   0.0   2.0  10.6  415.0
clim2005  2005   6  12  163   3.5  13.7   6.5  -999   0.0   1.4  10.2  415.0
clim2005  2005   6  13  164   8.7  14.9   6.7  -999   1.4   2.3  12.4  415.0
clim2005  2005   6  14  165   8.0  18.2   5.9  -999   1.6   1.1  14.9  415.0
clim2005  2005   6  15  166   7.6  20.6   6.3  -999   0.1   2.0  14.0  415.0
clim2005  2005   6  16  167  12.0  19.8   3.4  -999   0.0   2.2  15.0  415.0
clim2005  2005   6  17  168  14.7  21.4   2.8  -999   0.0   2.4  16.7  415.0
clim2005  2005   6  18  169  15.2  23.2   6.9  -999   0.0   1.8  18.5  415.0
clim2005  2005   6  19  170  13.9  25.6   8.1  -999   0.0   1.7  15.4  415.0
clim2005  2005   6  20  171  13.9  27.7   7.6  -999   0.0   1.5  15.6  415.0
clim2005  2005   6  21  172  15.8  25.2   6.3  -999   0.0   1.5  18.8  415.0
clim2005  2005   6  22  173  13.7  23.4   7.5  -999   0.0   1.4  17.9  415.0
clim2005  2005   6  23  174  14.5  27.3   7.4  -999   4.4   1.2  18.9  415.0
clim2005  2005   6  24  175  16.6  27.8   6.4  -999   2.2   1.0  20.2  415.0
clim2005  2005   6  25  176  15.6  20.8   3.7  -999   2.0   2.1  20.9  415.0
clim2005  2005   6  26  177  14.2  21.8   4.2  -999   1.1   1.4  20.9  415.0
clim2005  2005   6  27  178  14.7  24.9   8.0  -999   0.1   1.2  20.8  415.0
clim2005  2005   6  28  179  15.6  26.2   6.4  -999   3.1   1.5  20.3  415.0
clim2005  2005   6  29  180  15.8  20.4   2.8  -999   3.5   1.2  18.6  415.0
clim2005  2005   6  30  181  12.6  17.4   5.5  -999   2.9   2.4  16.0  415.0
clim2005  2005   7   1  182  12.0  16.4   4.8  -999   0.1   3.0  13.7  412.5
clim2005  2005   7   2  183  13.5  18.0   3.7  -999   0.0   1.7  16.9  412.5
clim2005  2005   7   3  184  13.9  22.0   6.4  -999   0.1   1.1  17.7  412.5
clim2005  2005   7   4  185  10.1  24.0   3.8  -999   6.2   3.4  15.0  412.5
clim2005  2005   7   5  186   8.2  14.6   7.5  -999   2.4   2.5  11.0  412.5
clim2005  2005   7   6  187   9.6  14.7   4.2  -999   1.6   3.1  13.8  412.5
clim2005  2005   7   7  188   9.0  11.2   3.8  -999   1.0   2.3  12.3  412.5
clim2005  2005   7   8  189   9.3  12.8   3.6  -999   2.4   1.0  13.0  412.5
clim2005  2005   7   9  190   8.5  17.7   5.9  -999   3.0   1.7  14.1  412.5
clim2005  2005   7  10  191  12.2  21.6   7.7  -999   0.2   2.7  15.1  412.5
clim2005  2005   7  11  192  15.6  22.0   7.5  -999   0.0   2.6  15.3  412.5
clim2005  2005   7  12  193  14.4  22.5   7.8  -999   0.0   2.1  15.1  412.5
clim2005  2005   7  13  194  15.1  23.1   7.4  -999   0.0   1.6  15.5  412.5
clim2005  2005   7  14  195  14.1  24.6   7.7  -999   0.0   1.0  15.0  412.5
clim2005  2005   7  15  196  15.3  24.5   6.0  -999   0.0   2.3  16.0  412.5
clim2005  2005   7  16  197  14.0  22.5   6.9  -999   0.0   1.7  16.8  412.5
clim2005  2005   7  17  198  11.4  21.1   8.3  -999   0.3   1.0  14.9  412.5
clim2005  2005   7  18  199  12.7  23.3   7.6  -999   1.1   1.8  17.0  412.5
clim2005  2005   7  19  200  13.9  17.1   3.6  -999   0.2   3.7  13.3  412.5
clim2005  2005   7  20  201  10.8  17.2   3.5  -999   0.0   4.1  13.7  412.5
clim2005  2005   7  21  202  10.5  16.8   4.8  -999   0.0   3.1  12.9  412.5
clim2005  2005   7  22  203  10.2  16.8   4.2  -999   0.0   2.7  12.7  412.5
clim2005  2005   7  23  204   9.2  17.1   4.9  -999   3.8   1.3  15.2  412.5
clim2005  2005   7  24  205  11.0  18.5   2.7  -999   3.4   2.0  18.6  412.5
clim2005  2005   7  25  206  13.6  17.0   5.9  -999   0.1   3.5  16.8  412.5
clim2005  2005   7  26  207  13.2  18.4   2.9  -999   0.0   1.6  16.1  412.5
clim2005  2005   7  27  208  14.3  23.8   4.8  -999   9.7   1.6  18.2  412.5
clim2005  2005   7  28  209  16.8  26.8   6.3  -999  16.0   1.6  19.4  412.5
clim2005  2005   7  29  210  15.6  23.7   3.2  -999  11.9   1.2  19.9  412.5
clim2005  2005   7  30  211  12.6  16.2   6.2  -999   0.1   2.4  14.1  412.5
clim2005  2005   7  31  212  11.0  15.2   5.9  -999   0.0   2.8  13.1  412.5
clim2005  2005   8   1  213  10.8  15.7   3.2  -999   0.4   0.9  13.9  410.7
clim2005  2005   8   2  214  10.9  18.3   6.4  -999   8.0   1.9  15.3  410.7
clim2005  2005   8   3  215  10.1  19.1   7.0  -999   0.0   2.1  13.7  410.7
clim2005  2005   8   4  216   9.7  16.5   4.5  -999   0.0   2.0  12.3  410.7
clim2005  2005   8   5  217   9.9  16.0   2.9  -999   0.2   3.1  13.5  410.7
clim2005  2005   8   6  218   9.2  15.1   3.5  -999   0.1   2.4  13.8  410.7
clim2005  2005   8   7  219   8.2  13.4   4.9  -999   0.1   2.5  10.9  410.7
clim2005  2005   8   8  220   8.5  13.3   2.6  -999   0.0   2.6  10.0  410.7
clim2005  2005   8   9  221   9.4  16.8   5.0  -999   0.0   2.0  10.9  410.7
clim2005  2005   8  10  222   7.6  16.0   4.4  -999   0.0   2.0  11.7  410.7
clim2005  2005   8  11  223   8.5  17.0   4.9  -999   0.0   1.6  12.8  410.7
clim2005  2005   8  12  224  10.0  15.8   5.2  -999   0.0   2.2  13.1  410.7
clim2005  2005   8  13  225   8.9  17.5   7.9  -999   0.0   1.4  12.0  410.7
clim2005  2005   8  14  226  10.4  14.4   3.4  -999   1.5   3.4  12.8  410.7
clim2005  2005   8  15  227   9.9  13.7   1.4  -999   0.0   3.2  12.5  410.7
clim2005  2005   8  16  228   9.4  17.7   6.4  -999   0.0   1.4  13.2  410.7
clim2005  2005   8  17  229  11.0  21.5   9.3  -999   0.0   2.0  13.4  410.7
clim2005  2005   8  18  230  14.0  23.0   9.5  -999   4.0   1.9  15.1  410.7
clim2005  2005   8  19  231  13.3  19.5   2.6  -999   0.5   1.9  16.2  410.7
clim2005  2005   8  20  232  12.1  15.4   1.9  -999   0.1   1.6  12.8  410.7
clim2005  2005   8  21  233  12.3  17.3   2.7  -999   0.1   2.3  14.2  410.7
clim2005  2005   8  22  234  13.0  18.0   2.2  -999   0.4   2.2  14.7  410.7
clim2005  2005   8  23  235   9.7  14.6   1.7  -999   0.6   1.7  15.6  410.7
clim2005  2005   8  24  236   8.5  17.1   6.3  -999   0.0   1.9  13.6  410.7
clim2005  2005   8  25  237   9.3  15.5   2.1  -999   6.6   3.8  14.3  410.7
clim2005  2005   8  26  238   8.7  14.0   4.7  -999   0.0   2.9  11.7  410.7
clim2005  2005   8  27  239   9.2  15.9   5.5  -999   0.0   1.3  11.7  410.7
clim2005  2005   8  28  240   8.1  18.7   9.3  -999   0.0   0.9  12.8  410.7
clim2005  2005   8  29  241   9.4  21.5   9.4  -999   0.0   1.0  14.1  410.7
clim2005  2005   8  30  242  12.2  23.9   9.2  -999   0.0   1.6  16.1  410.7
clim2005  2005   8  31  243  15.1  25.6   9.0  -999   0.0   1.8  15.8  410.7
clim2005  2005   9   1  244  15.7  20.5   4.2  -999   1.5   1.9  16.9  410.0
clim2005  2005   9   2  245  12.8  20.3   8.3  -999   0.1   1.2  16.8  410.0
clim2005  2005   9   3  246  12.8  22.2   9.0  -999   0.0   2.0  18.1  410.0
clim2005  2005   9   4  247  14.4  22.9   8.8  -999   0.0   1.9  17.5  410.0
clim2005  2005   9   5  248  14.8  24.0   8.4  -999   4.7   1.7  18.0  410.0
clim2005  2005   9   6  249  15.0  22.0   4.9  -999   3.7   1.5  18.3  410.0
clim2005  2005   9   7  250  14.3  22.9   8.0  -999   0.3   1.1  17.5  410.0
clim2005  2005   9   8  251  13.9  24.0   8.2  -999   0.4   1.2  17.1  410.0
clim2005  2005   9   9  252  15.4  20.5   1.9  -999   1.0   1.0  18.0  410.0
clim2005  2005   9  10  253  13.6  18.0   2.6  -999   1.6   1.0  16.9  410.0
clim2005  2005   9  11  254  14.0  16.9   1.4  -999  27.6   1.1  15.2  410.0
clim2005  2005   9  12  255  11.9  16.3   1.5  -999   1.0   2.7  16.6  410.0
clim2005  2005   9  13  256  10.4  17.7   5.6  -999   0.0   1.2  17.0  410.0
clim2005  2005   9  14  257  10.0  16.7   2.2  -999   0.0   2.8  15.9  410.0
clim2005  2005   9  15  258  14.4  17.2   2.5  -999   0.3   3.6  15.9  410.0
clim2005  2005   9  16  259   6.8  14.9   2.0  -999   7.3   3.7  14.4  410.0
clim2005  2005   9  17  260   5.4  10.8   3.1  -999   0.0   2.3   9.1  410.0
clim2005  2005   9  18  261   4.6  12.9   5.0  -999   0.0   1.9   8.5  410.0
clim2005  2005   9  19  262   4.9  14.5   5.1  -999   0.0   1.8   9.0  410.0
clim2005  2005   9  20  263   4.6  15.3   5.0  -999   0.0   1.3   8.7  410.0
clim2005  2005   9  21  264   5.6  16.4   4.8  -999   0.0   1.7   9.4  410.0
clim2005  2005   9  22  265   5.9  17.3   4.8  -999   0.0   1.5  10.4  410.0
clim2005  2005   9  23  266   7.6  18.0   4.5  -999   0.0   1.6  11.7  410.0
clim2005  2005   9  24  267   9.6  16.4   1.8  -999   0.0   1.1  11.9  410.0
clim2005  2005   9  25  268  10.8  18.0   3.3  -999   1.6   1.7  14.2  410.0
clim2005  2005   9  26  269   9.6  15.4   3.2  -999   0.0   2.3  14.5  410.0
clim2005  2005   9  27  270  12.2  16.3   3.1  -999   0.2   2.8  13.3  410.0
clim2005  2005   9  28  271   9.7  13.0   3.3  -999   0.1   2.6  12.6  410.0
clim2005  2005   9  29  272   7.0  11.0   1.8  -999   2.4   3.5  11.3  410.0
clim2005  2005   9  30  273   5.7  10.7   2.7  -999   6.7   2.5  10.3  410.0
clim2005  2005  10   1  274   7.2  12.9   1.8  -999  11.0   2.6  13.1  410.7
clim2005  2005  10   2  275   5.4  10.8   1.9  -999   1.7   1.4  10.9  410.7
clim2005  2005  10   3  276   5.9  12.3   2.3  -999   0.5   2.5  11.0  410.7
clim2005  2005  10   4  277   7.4  13.3   1.3  -999   2.4   3.4  12.2  410.7
clim2005  2005  10   5  278  10.6  16.8   1.8  -999   0.1   2.6  13.6  410.7
clim2005  2005  10   6  279   9.2  17.8   2.8  -999   0.2   1.7  15.1  410.7
clim2005  2005  10   7  280   9.0  17.0   3.0  -999   0.1   1.1  14.7  410.7
clim2005  2005  10   8  281   9.2  15.7   2.0  -999   0.2   1.5  13.0  410.7
clim2005  2005  10   9  282   8.9  16.6   4.1  -999   0.1   1.4  13.0  410.7
clim2005  2005  10  10  283   9.5  19.4   4.2  -999   0.1   1.7  12.9  410.7
clim2005  2005  10  11  284   9.4  17.5   4.2  -999   0.0   1.8  11.9  410.7
clim2005  2005  10  12  285  10.7  18.0   3.9  -999   0.0   2.2  11.7  410.7
clim2005  2005  10  13  286   9.0  17.3   3.9  -999   0.0   1.1  11.8  410.7
clim2005  2005  10  14  287   6.8  17.2   4.0  -999   0.0   0.9  11.6  410.7
clim2005  2005  10  15  288   6.5  16.0   4.1  -999   0.1   1.7  11.6  410.7
clim2005  2005  10  16  289   7.7  15.4   4.3  -999   0.0   2.3  12.8  410.7
clim2005  2005  10  17  290   5.7  11.5   4.0  -999   0.0   2.9  11.7  410.7
clim2005  2005  10  18  291   4.6  11.7   3.8  -999   4.0   3.4  11.7  410.7
clim2005  2005  10  19  292   8.3  13.4   1.3  -999   0.2   2.4  13.9  410.7
clim2005  2005  10  20  293   8.1  13.4   2.0  -999   0.9   2.7  14.1  410.7
clim2005  2005  10  21  294   8.5  14.2   0.9  -999   1.0   3.8  15.0  410.7
clim2005  2005  10  22  295  10.7  13.1   1.2  -999   2.4   4.2  14.9  410.7
clim2005  2005  10  23  296   8.2  11.1   2.2  -999   0.0   2.9  12.4  410.7
clim2005  2005  10  24  297   8.1  11.6   0.7  -999   0.0   3.5  12.4  410.7
clim2005  2005  10  25  298  10.9  13.9   0.7  -999   0.3   5.2  13.6  410.7
clim2005  2005  10  26  299  11.3  14.6   2.0  -999   0.0   3.0  13.9  410.7
clim2005  2005  10  27  300  11.8  17.5   4.2  -999   0.0   2.7  12.9  410.7
clim2005  2005  10  28  301  13.1  17.7   3.3  -999   0.0   3.1  13.0  410.7
clim2005  2005  10  29  302  14.3  17.4   4.4  -999   0.0   3.2  12.9  410.7
clim2005  2005  10  30  303  13.1  17.5   4.7  -999   0.0   2.9  13.2  410.7
clim2005  2005  10  31  304  13.0  17.7   3.4  -999   8.3   3.5  14.0  410.7
clim2005  2005  11   1  305   7.2  12.8   1.4  -999   0.5   3.3  11.7  412.5
clim2005  2005  11   2  306   7.2  13.3   1.2  -999   0.9   3.7  12.5  412.5
clim2005  2005  11   3  307  11.8  16.4   4.2  -999  13.0   4.1  13.4  412.5
clim2005  2005  11   4  308   6.9  12.2   1.4  -999  12.1   2.3  13.1  412.5
clim2005  2005  11   5  309   5.0   8.2   1.1  -999   0.1   2.7   9.5  412.5
clim2005  2005  11   6  310   5.4  10.7   5.4  -999   0.0   2.9   8.7  412.5
clim2005  2005  11   7  311   6.8  10.3   0.5  -999   0.6   2.8   9.7  412.5
clim2005  2005  11   8  312   7.4  13.8   6.1  -999   0.0   2.8   9.2  412.5
clim2005  2005  11   9  313   4.3  10.4   3.4  -999   2.6   2.1  10.0  412.5
clim2005  2005  11  10  314   2.6   8.1   4.5  -999   0.0   2.0   8.8  412.5
clim2005  2005  11  11  315   4.8   9.1   1.1  -999   0.0   3.1   7.8  412.5
clim2005  2005  11  12  316   4.5   7.2   1.8  -999   8.2   2.4   9.4  412.5
clim2005  2005  11  13  317   4.3   9.5   2.7  -999   0.0   1.4  11.1  412.5
clim2005  2005  11  14  318   2.6   7.5   3.7  -999   0.0   1.3   8.7  412.5
clim2005  2005  11  15  319   2.6   5.3   0.5  -999   0.1   2.8   7.8  412.5
clim2005  2005  11  16  320   1.4   5.4   0.3  -999   0.9   3.0   8.3  412.5
clim2005  2005  11  17  321   0.2   3.6   0.3  -999   0.0   2.6   6.4  412.5
clim2005  2005  11  18  322  -2.4   3.7   0.7  -999   0.0   1.7   5.8  412.5
clim2005  2005  11  19  323  -2.9   3.6   1.7  -999   0.0   0.9   5.7  412.5
clim2005  2005  11  20  324  -1.1   1.2   0.8  -999   0.0   1.5   5.2  412.5
clim2005  2005  11  21  325  -0.2   6.2   0.3  -999   0.0   1.8   5.8  412.5
clim2005  2005  11  22  326  -3.7   0.1   4.3  -999   0.0   1.8   5.5  412.5
clim2005  2005  11  23  327  -3.9   0.9   3.0  -999   0.0   1.8   5.2  412.5
clim2005  2005  11  24  328  -4.5   1.6   2.4  -999   5.3   2.5   5.4  412.5
clim2005  2005  11  25  329  -2.5  -0.3   0.4  -999   0.5   5.1   5.6  412.5
clim2005  2005  11  26  330  -2.0  -0.1   0.5  -999   0.9   4.8   5.3  412.5
clim2005  2005  11  27  331  -0.8  -0.1   0.4  -999   2.2   2.7   6.2  412.5
clim2005  2005  11  28  332  -0.6   0.6   0.2  -999   3.1   2.6   6.6  412.5
clim2005  2005  11  29  333  -2.6   0.4   0.5  -999   2.5   1.5   6.7  412.5
clim2005  2005  11  30  334  -6.1   1.0   0.4  -999   0.0   2.0   5.5  412.5
clim2005  2005  12   1  335  -6.9   0.5   2.0  -999   0.1   2.7   5.0  415.0
clim2005  2005  12   2  336  -1.2   5.1   1.0  -999   6.3   4.5   7.3  415.0
clim2005  2005  12   3  337   3.2   5.2   0.6  -999   7.0   4.4   8.5  415.0
clim2005  2005  12   4  338   4.4   5.9   1.1  -999   9.7   3.8   9.2  415.0
clim2005  2005  12   5  339   2.1   4.0   0.3  -999   0.8   2.9   7.9  415.0
clim2005  2005  12   6  340   1.1   2.7   0.3  -999   1.3   2.2   7.1  415.0
clim2005  2005  12   7  341   1.4   3.0   0.3  -999   5.1   2.7   7.2  415.0
clim2005  2005  12   8  342   0.4   2.3   0.6  -999   3.2   2.0   7.9  415.0
clim2005  2005  12   9  343  -1.1   1.5   0.4  -999   0.0   1.5   6.7  415.0
clim2005  2005  12  10  344  -4.5   1.4   3.6  -999   0.0   1.1   5.2  415.0
clim2005  2005  12  11  345  -4.8   1.2   3.3  -999   0.0   1.0   4.5  415.0
clim2005  2005  12  12  346  -2.7   3.7   0.4  -999   0.0   2.2   5.2  415.0
clim2005  2005  12  13  347   0.7   3.8   0.4  -999   0.0   1.9   6.1  415.0
clim2005  2005  12  14  348   1.3   3.4   0.2  -999   0.0   1.7   6.4  415.0
clim2005  2005  12  15  349   1.0   4.0   0.4  -999   0.1   3.0   7.4  415.0
clim2005  2005  12  16  350   0.3   6.0   0.3  -999   5.2   5.3   8.5  415.0
clim2005  2005  12  17  351  -2.2   0.2   0.3  -999   0.4   4.5   5.2  415.0
clim2005  2005  12  18  352  -3.0  -0.6   0.3  -999   0.0   2.7   4.9  415.0
clim2005  2005  12  19  353  -3.1   1.6   0.3  -999   0.8   2.9   5.1  415.0
clim2005  2005  12  20  354  -1.4   0.7   0.3  -999   0.0   2.3   5.8  415.0
clim2005  2005  12  21  355  -1.2   1.1   0.3  -999   0.0   1.8   5.4  415.0
clim2005  2005  12  22  356   0.4   3.0   0.4  -999   0.0   2.9   5.5  415.0
clim2005  2005  12  23  357   1.7   3.0   0.3  -999   0.0   2.4   6.7  415.0
clim2005  2005  12  24  358   2.1   4.3   0.4  -999   0.0   2.0   6.9  415.0
clim2005  2005  12  25  359  -0.8   3.6   0.5  -999   0.0   1.6   7.1  415.0
clim2005  2005  12  26  360  -4.2  -0.3   0.4  -999   2.6   1.9   5.8  415.0
clim2005  2005  12  27  361  -5.8  -3.4   0.7  -999   0.8   3.1   4.4  415.0
clim2005  2005  12  28  362  -8.9  -3.3   0.2  -999   1.3   2.8   4.2  415.0
clim2005  2005  12  29  363  -9.4  -3.4   0.8  -999   0.0   2.3   3.6  415.0
clim2005  2005  12  30  364  -8.2   1.6   0.4  -999  11.3   3.9   4.2  415.0
clim2005  2005  12  31  365   1.9   3.5   0.0  -999   2.6   4.4   8.2  415.0
